time,x,y,z,phi,theta,psi,x_velocity,y_velocity,z_velocity,phi_velocity,theta_velocity,psi_velocity,rotor_speed1,rotor_speed2,rotor_speed3,rotor_speed4
0.06,-7.668670365558226e-08,1.4266559510865465e-06,10.001624770348274,0.001014085183157043,6.282750491953765,0.0,1.1691726256170014e-05,0.00010754460480993918,0.05415743672706051,0.03840952512745765,-0.028518258446267073,0.0,421.6044630773281,419.1337439392147,422.17854796457783,425.4791253343228
0.12000000000000001,1.9291749337409297e-05,4.4606302142087594e-05,10.012027440220324,0.003942738372778365,6.281020038332237,0.0,0.0008447094732329501,0.0016590504492853622,0.2925661438298565,0.06410566981097367,-0.029493994385972933,0.0,478.93963235924934,478.86525513464227,477.75796017059594,479.7140131943464
0.18,0.00012121465900669966,0.00023964704725333317,10.032445097127242,0.007745323572306617,6.279104526617722,0.0,0.0027388525786598084,0.005229758449141117,0.3879916721684015,0.06187724225317612,-0.03729351899827338,0.0,435.0230637171223,434.3691758423959,436.5054949470663,436.322525287133
0.23999999999999996,0.0003829123511155391,0.0007359986881997672,10.059714370395831,0.011472338265106963,6.276533811750852,0.0,0.006237595819283358,0.01171244627772475,0.5209274488650966,0.06259177597680238,-0.05727033029415065,0.0,448.79391202630256,447.1686876777604,446.8251479792472,446.8861419960044
0.3,0.0008915870911852969,0.0016633178569787318,10.09175362502325,0.015422122278980765,6.273085455167484,0.0,0.011031629471103695,0.019549456652765067,0.5470283370875385,0.07162296803380101,-0.05788009427402855,0.0,412.3373982102408,412.2809739702125,413.4974289136624,414.2956791171171
0.36000000000000004,0.0018108511634340075,0.003225254337171968,10.130870870585525,0.020079969535255593,6.2692259915095185,0.0,0.02003706041188465,0.03304507978478595,0.7567501751010777,0.08753123262477275,-0.08208896621579284,0.0,470.9855879987918,469.1067617386885,470.97061859513866,472.2035714625568
0.4200000000000001,0.0033338374333563453,0.005662304706592594,10.18018429535831,0.02558360011687011,6.264354143204926,0.0,0.03124936342160912,0.048761474789859455,0.8869170600590321,0.09901463089501074,-0.07947262823121726,0.0,447.38058888949115,447.5882542882029,446.15131519038107,447.09475996611314
0.48000000000000015,0.005657488256748796,0.009195135797909707,10.238492458756587,0.031462782338563144,6.259621952861146,0.0,0.04673645385157324,0.06965915380971865,1.0565165626850537,0.09584792777864105,-0.0776914233292972,0.0,459.19205557277945,459.3285581734619,459.6639549594577,459.42085561552534
0.5400000000000001,0.00902070320342763,0.014119268822209189,10.30710700137512,0.03732260717112723,6.2551970956001295,0.0,0.0658786721604903,0.09512826066911607,1.2304272033975048,0.10106580284693152,-0.06684456062848196,0.0,461.4069813357567,462.25835356361665,460.1250941481008,460.5457417410905
0.6000000000000002,0.013495413023920386,0.02052485897175108,10.38142338181248,0.043215045411259645,6.251017492937226,0.0,0.08364422223481759,0.11892626284904172,1.24673378036905,0.09177600599168026,-0.07598379346278132,0.0,411.37159981597995,410.5574392488321,412.0287257678939,411.2157792950306
0.6600000000000003,0.019158237354646925,0.028523448040072126,10.458059105051849,0.049183476757558076,6.2464591239205856,0.0,0.10555305624435922,0.14824423353087657,1.3076793561646205,0.1115881435670831,-0.07595088597291498,0.0,425.60932460317855,425.60730909711634,426.0436408563218,427.7428185546372
0.7200000000000003,0.026274013223615025,0.03846746591716942,10.53966175194127,0.055497701911471964,6.241983240261078,0.0,0.1320984310559518,0.18388755744856167,1.4122282570612708,0.08785383440641288,-0.07202251531551013,0.0,439.9273303852708,440.24803129515294,441.9252756914847,439.97428100844934
0.7800000000000004,0.035142990679236784,0.05076719848992874,10.629145296763932,0.06094072535241324,6.237369105362376,0.0,0.16401689608980932,0.2266822833811457,1.5702908989575888,0.09590015065852694,-0.089079380917759,0.0,458.7563196450926,457.39543406479595,456.6318380845742,457.279828037622
0.8400000000000004,0.045953325889020326,0.06565044119193127,10.726365294178509,0.0670042459934228,6.231772535071066,0.0,0.1968771032815645,0.27001753915804694,1.6701617670158213,0.10976608912257582,-0.10336278713585671,0.0,440.16147124247595,438.9703185432787,439.8997328686755,441.0551738017254
0.9000000000000005,0.05901018118527616,0.0834634066490943,10.832520666049593,0.07375465393117064,6.22530953581877,0.0,0.2390708794251938,0.3244989033151648,1.8679417559187121,0.11748681132490181,-0.11826683399381584,0.0,470.7884792507049,469.6243127700723,470.53281485979863,471.1405268387865
0.9600000000000005,0.0745027223346214,0.10438612952289243,10.946278191993514,0.0807632275511363,6.218447033206292,0.0,0.2780068631729077,0.373582673619518,1.923777642080375,0.11542079925680283,-0.1075544263828189,0.0,425.7675164758387,426.6706345329628,428.3084350278771,428.14549126959315
1.0200000000000005,0.09293998793597495,0.12898474530186463,11.070582170192615,0.08934061187496667,6.2121177637179255,0.0,0.33736931571382345,0.4473669827696086,2.2189926686433856,0.17164423073343338,-0.10164859047308608,0.0,499.91274399136046,500.3344752210951,497.66448917054163,501.7772191786227
1.0800000000000005,0.11469561074620276,0.157732916841162,11.20692116524367,0.09991548038518872,6.20590820372712,0.0,0.3884344326024734,0.511951554590666,2.3252553278069485,0.18414121158683897,-0.10745893279843764,0.0,445.3228160521604,444.8379708446835,445.1342020657789,446.1853184978132
1.1400000000000006,0.13978331913323275,0.19075519439750172,11.351341107665059,0.11058996284835398,6.1991424423069645,0.0,0.44852573019948305,0.589955901166562,2.488178437817864,0.16100304321842443,-0.12632458511320843,0.0,463.78559352733214,462.29051841262475,465.3012008399559,463.5149421692256
1.2000000000000006,0.16875161081252535,0.22884406543777433,11.506861610644938,0.12005506067214089,6.19148817422759,0.0,0.5179392619882899,0.6807279464848056,2.6951142862768944,0.15030425863866598,-0.1301857967531086,0.0,477.9711204183165,477.66314420117357,478.6928340772475,477.89961602468867
1.2600000000000007,0.20149259792496083,0.27185063145384974,11.668631109560035,0.12953014696261445,6.18375285439811,0.0,0.5741035376877435,0.7536149055304232,2.696986808539394,0.169921637166787,-0.1265096205326657,0.0,413.7256256117902,414.0326186947552,414.9356869968841,416.6794690925997
1.3200000000000007,0.23833564322746179,0.32017049226161,11.836316406333943,0.1400558143373143,6.176346499851352,0.0,0.6548138835858872,0.8581583336835749,2.8917242572431094,0.18462434411088888,-0.11791920538460704,0.0,476.62523500406724,477.2685890597943,475.51946597340367,476.6715836376033
1.3800000000000008,0.2794896513703587,0.3740907149737161,12.009211313966391,0.1509809869126686,6.169031124279222,0.0,0.7175896745337638,0.9400878870418545,2.8712261556202576,0.17646326767553175,-0.13144612162081235,0.0,410.07900110113087,408.8606145720611,409.72912415836134,409.0380624066642
1.4400000000000008,0.32573561924182276,0.43467974830800754,12.191038681187045,0.16142594179616232,6.1605903607310815,0.0,0.8249095149444181,1.0807776064566679,3.1883816178012325,0.16884490304266808,-0.1747079129005376,0.0,514.8998640182235,511.8132027338142,514.6037408437553,514.0887899002092
1.5000000000000009,0.3777620881022876,0.5028115415152798,12.384701148524893,0.17161819216885643,6.1503867145596836,0.0,0.9102906234309507,1.191194214608397,3.2664026036899476,0.17184486927695575,-0.16210260320985082,0.0,445.1962405181028,446.1987057998581,445.1799959918046,445.4529895126478
1.560000000000001,0.43540130166428165,0.5781311586114937,12.585071158511525,0.18210990042366415,6.140368640915334,0.0,1.01201586294346,1.3204471490834437,3.4116787187206974,0.18029272136440758,-0.17908635058181602,0.0,468.09883694585153,466.749798233354,468.11457068656296,468.7991377631898
1.620000000000001,0.4993485537462597,0.6614032477553142,12.79393600022516,0.19381090184698468,6.1295762088983885,0.0,1.1206395317866684,1.456348237986828,3.5494854543439343,0.21461235470128698,-0.18149481690617456,0.0,468.2696345618158,468.0527592365719,465.7474245705452,468.45790290965033
1.680000000000001,0.5693379238262732,0.7521956824681838,13.006527026230799,0.2074168874944613,6.119147074440026,0.0,1.2132320295145238,1.5711271698966434,3.536385665480765,0.2438927151343426,-0.1617389317107342,0.0,419.58378715130016,421.26424542121623,420.10757771256635,422.6918818538645
1.740000000000001,0.6463175327818118,0.8516719423396738,13.22560356895397,0.2224464310612273,6.108889651207967,0.0,1.3537835059053878,1.7462639505832223,3.764572930435939,0.26117752123541976,-0.20481143577505206,0.0,499.8140405563919,496.6383907408686,497.39840025870313,498.71778291872636
1.8000000000000012,0.7309353401675105,0.9606839211483077,13.452441431623912,0.23808833796035334,6.096441885991034,0.0,1.4678948375194765,1.8887505722734055,3.7957914828474384,0.2597248819804465,-0.21336505239047077,0.0,441.67097488719673,440.92209321187653,439.6532393873835,439.6020807306363
1.8600000000000012,0.8234586530063739,1.0795459493408779,13.68521585621706,0.2531585505162921,6.083938865128367,0.0,1.6174710808905635,2.0747163023748785,3.9617315178432486,0.22267188212094507,-0.1999389179782099,0.0,484.3891488221013,485.3589142629504,486.807874731894,484.08300436058784
1.9200000000000013,0.9254603692375244,1.2101477137318732,13.928844595554267,0.26674544791756905,6.0720891256234495,0.0,1.7837593091093848,2.279833237941506,4.157406686310287,0.23308430559736143,-0.19301618261591585,0.0,497.5177931420961,497.99084980685274,496.6117771249775,497.41982922114147
1.9800000000000013,1.0365577851713002,1.3519244193003812,14.178887279199099,0.28030717920970805,6.060700803874145,0.0,1.9204350201327232,2.447071398914991,4.176330148185518,0.205706529180212,-0.18406150939780017,0.0,444.966409669088,445.66393297772635,446.9484302203108,444.7609634802
2.0400000000000014,1.1560402656194968,1.5039251512481857,14.429849921650925,0.29308948645283905,6.049412655142083,0.0,2.0632108791709456,2.620487450844409,4.188085193730151,0.22467969638269217,-0.1978553877965709,0.0,446.33954537322103,445.17766542832675,444.372709752676,445.96970954213555
2.1000000000000014,1.2836956667979071,1.665809169514999,14.67900395070667,0.3069893061361011,6.037331233939145,0.0,2.192863629231287,2.7765306619296752,4.116378550109307,0.24285489579197345,-0.2094714808709602,0.0,418.7179422937003,417.6632404821832,418.64489014485434,420.27999062661866
2.1600000000000015,1.4189603590872015,1.8368122877946944,14.92238402831068,0.3215229812507969,6.024625760156892,0.0,2.316856881085063,2.9244591485184994,3.995791739220322,0.24094624706644396,-0.2167652831620297,0.0,403.02353938678357,402.3142179463137,402.4402265576988,402.3327807350399
2.2200000000000015,1.5627502209118878,2.0179442794546985,15.161628722897351,0.3359664638918147,6.011795219232619,0.0,2.477119741665244,3.1141639225898237,3.9778691554845618,0.24027884098551733,-0.20856657455085814,0.0,441.3048656318875,441.9357015525981,440.5445021869363,440.5477615469927
2.2800000000000016,1.716351799083343,2.210638506511641,15.399568766969033,0.3507320757460404,5.9994073048097185,0.0,2.64384406956574,3.309835989860643,3.952270708116859,0.25571554444482014,-0.20256930327438868,0.0,440.07745785304155,440.53131535240215,441.3770811790191,442.7100230789669
2.3400000000000016,1.8794076305106282,2.4143901308494464,15.633400099630828,0.3660347273140374,5.987337002322317,0.0,2.792169237006822,3.4827309931452097,3.841331812751036,0.25366959168062436,-0.19851791296276106,0.0,412.0671897859209,412.38212014185916,413.9024877114654,413.7929736940801
2.4000000000000017,2.0524865586901697,2.6298128327596157,15.86333391055296,0.3823656711701524,5.975954955695011,0.0,2.977910217582312,3.6989026215036467,3.8216994735437213,0.2949465742774365,-0.17623004446705978,0.0,447.637642587996,449.41281864502906,446.497235660459,449.9240797590303
2.4600000000000017,2.236705268250895,2.8582147556107573,16.09135253745427,0.40052421046983433,5.965448487476678,0.0,3.163359854702614,3.915484314508529,3.7774972870558248,0.31473598967072536,-0.1729558683298005,0.0,442.5962890613279,442.8360811829386,442.73776318291243,444.4559577937311
2.520000000000002,2.433653594098877,3.1015678349520317,16.3205275921799,0.41891448998312164,5.955915831375824,0.0,3.4020991924966113,4.197323851035398,3.8592649827869656,0.28011192950029834,-0.13987196438891658,0.0,489.1037240612731,491.5396302580843,490.9346614815452,488.44309372036463
2.580000000000002,2.6436423767898347,3.3603763055394213,16.550466554373937,0.4357614942275161,5.947715406740372,0.0,3.5979069823878187,4.43041604216057,3.8039210673656894,0.2820905445134131,-0.1309477049306235,0.0,447.72703195555766,448.43550356729986,447.5979064349314,447.83814071526
2.640000000000002,2.865438989532905,3.633312443224723,16.776759112503427,0.453090072748072,5.939506771436912,0.0,3.795636662212201,4.668209317246865,3.737692875122171,0.29964950817449915,-0.15233021940335545,0.0,448.81092363645575,447.05413130533236,446.338183382453,447.8527473667911
2.700000000000002,3.099457188605267,3.921019304878894,16.999487516644756,0.4711541484203092,5.930163207810951,0.0,4.005343872196978,4.9227363084656295,3.684822689823568,0.3037570642133307,-0.1635586719538947,0.0,455.7591115576331,454.83814029071476,456.9896026488943,457.40646224946386
2.760000000000002,3.3461614355801395,4.224170702193082,17.218745757688826,0.48883612200145965,5.919920659940562,0.0,4.218526173813398,5.182931659822352,3.621944414596031,0.26239960818701746,-0.19147955846345036,0.0,457.8024556158403,455.5469167359181,458.9973891335503,455.7858023410274
2.820000000000002,3.6053782161126637,4.542585644426846,17.433018531544416,0.5048122761168736,5.907871509322211,0.0,4.422555267362168,5.4312675941437245,3.5188985257457635,0.27304747913366256,-0.2358609266893457,0.0,448.54167212761337,444.87994413946166,445.7614615980808,446.7019064743596
2.880000000000002,3.875780457996919,4.874530274239021,17.63819222806872,0.5213244350711923,5.8939337887509105,0.0,4.591557196108486,5.633953390601088,3.3192103272546296,0.2791889733176324,-0.225989335144983,0.0,411.30387069483686,412.1189676226218,411.85454224339003,412.480511200106
2.940000000000002,4.1568468109373855,5.219182870552318,17.831987497633445,0.5380517971388716,5.880124444495362,0.0,4.777945036395857,5.854774911938649,3.1393575675669907,0.2779799090116676,-0.24013821402570343,0.0,423.6275712997891,422.35281797315406,423.49683441794116,423.4757006516992
3.000000000000002,4.4503459712419975,5.5784863600461225,18.016970455607805,0.5545891540676138,5.866161789841019,0.0,5.005918988657824,6.1220788494345,3.0247863582003,0.2704470416410091,-0.22095002950326678,0.0,453.1399440723575,454.627125625827,453.31756827060144,452.7868992105913
3.0600000000000023,4.757893943494567,5.954153745636859,18.195196166523882,0.5716440396481062,5.852680912919471,0.0,5.246093530335113,6.400133609444682,2.9139815586330053,0.3029785675152066,-0.23342466806294515,0.0,460.7047170131364,459.66859488545634,458.8255515376212,461.47884121583934
3.1200000000000023,5.079254186659737,6.345697060607666,18.365104501117205,0.5901955839321182,5.838346765255022,0.0,5.466360083844788,6.651350497185093,2.7477836509504026,0.31935586383125814,-0.2530364188594688,0.0,444.6347804021544,442.96692672570396,442.3647301615457,443.8089764692269
3.1800000000000024,5.414949787740193,6.753515079514998,18.52643484089582,0.6100464969536343,5.823619133854079,0.0,5.723839663089928,6.942415613299241,2.6273514713524704,0.347282072005061,-0.23351263290594418,0.0,467.0422285394446,468.5054970351156,466.6168476277907,468.8971677962655
3.2400000000000024,5.76569519628975,7.178236069716843,18.679272674860023,0.6310253527996217,5.8094133054041635,0.0,5.9679020390116655,7.214827485984799,2.464910163654101,0.3539901205629289,-0.24420434618285441,0.0,457.73363756364506,456.82731202270963,457.3147862780388,457.9707927446674
3.3000000000000025,6.132447731741768,7.620784784097563,18.82394773777496,0.6522183803272048,5.7950661523280615,0.0,6.2572127321684325,7.536332798203042,2.3544910472199767,0.35162950524574693,-0.23052658869568826,0.0,485.44226242497643,486.41593056737923,485.9530015104689,485.8928093589475
3.3600000000000025,6.513658261519684,8.079215212656784,18.957081802575903,0.6733300339301085,5.781721343376105,0.0,6.450039166289129,7.744611612896738,2.081882994871575,0.3523183120773581,-0.20979522460827194,0.0,422.0485747290862,423.782545110621,422.64981567275237,422.843659802138
3.4200000000000026,6.909248520280261,8.553274497036321,19.077491954638894,0.6945565608407955,5.769454817924217,0.0,6.736004031504288,8.056714117089046,1.9289278110307553,0.35653308085263363,-0.19546393312695265,0.0,480.02837635899226,481.07726707396125,483.3474313899206,483.7828370562415
3.4800000000000026,7.321597632908687,9.045550386084116,19.18770707605553,0.7165541767306944,5.757768200627552,0.0,7.008576281808049,8.351814995205842,1.7422574899160017,0.3815475094018669,-0.19343937253265764,0.0,476.07303804332395,476.1937218342566,474.0125126726481,476.059472254392
3.5400000000000027,7.747435726699697,9.552245116541929,19.282597935593383,0.7393032761221514,5.745976034089544,0.0,7.186039225716959,8.537836619741112,1.4195521092707852,0.3738878665555799,-0.2035742736296717,0.0,418.46620109087814,417.54203066065674,417.99223701790856,417.4826838604067
3.6000000000000028,8.185270873242795,10.07158123554662,19.359538901748646,0.7618199341214416,5.734103147525614,0.0,7.408196667256055,8.772772388926493,1.1432553265784777,0.3779133764311195,-0.18842520652967581,0.0,445.427527608448,446.62686733823966,446.25086639916634,446.72431501268517
3.660000000000003,8.64018490841398,10.609186944220955,19.423993020910302,0.7843187581145301,5.722560168697145,0.0,7.754477969655528,9.145839751735858,1.0014639597144366,0.3683772473540256,-0.20176763901398714,0.0,517.6417394891214,516.671053068135,516.9007018324548,516.351743887418
3.720000000000003,9.109925647373021,11.162411220980973,19.472796885343453,0.8059657673261054,5.7107578217993655,0.0,7.903562219520098,9.294657699189623,0.6245666948164589,0.33793769345351715,-0.1881439769641965,0.0,407.2206508833653,408.39635248928886,410.66709927946994,408.1015770019595
3.780000000000003,9.587736482782839,11.723516074380322,19.497910154650743,0.826033430949896,5.699215114614997,0.0,8.023631489239275,9.408665257076452,0.21232184004655122,0.3264256510784124,-0.2025646105659728,0.0,390.5219817951776,389.13164724304056,390.1182048517739,389.1731405371119
3.840000000000003,10.074197720926723,12.292988989074212,19.499682232917387,0.8453403762448577,5.6874964630636455,0.0,8.191576761738485,9.573083047179946,-0.1540981438369144,0.3103802139822817,-0.1837683706092137,0.0,418.96614723490785,420.5579877756105,419.4600480304246,418.17619305458567
3.900000000000003,10.574003424822816,12.875829923944517,19.482517254458728,0.8638064204921942,5.676384583170707,0.0,8.467631288077134,9.853245536769075,-0.4202255030078724,0.30196675396711714,-0.18821760297400966,0.0,481.2882909062563,480.92084969123584,479.9115696671319,479.36121402482826
3.960000000000003,11.087287947719766,13.471976380155748,19.44628182400372,0.8823767325011227,5.665505636573194,0.0,8.64150549515613,10.017402705812424,-0.7884278771552278,0.3214003456431386,-0.1702275692639623,0.0,428.6885371351571,430.1819436513798,426.64181305554337,428.3998126467244
4.020000000000002,11.61147697444993,14.078386787352123,19.388279783256557,0.901893582747582,5.655274514428406,0.0,8.830872279186822,10.19518962652081,-1.1460021302705734,0.3320726629870842,-0.17110656908247604,0.0,438.27962020658924,438.1781837089507,438.69220088979483,439.6874190886137
4.080000000000001,12.147724708521256,14.696125665239762,19.309311461958146,0.9218001364100541,5.644980643455167,0.0,9.043192095969573,10.394704167808811,-1.4876129541091367,0.33117738904930205,-0.1724951473604419,0.0,452.64113894980744,452.5016458730878,454.064819339592,454.1033173435007
4.14,12.698941331767571,15.328129063820079,19.211525825511856,0.9419490467552638,5.634422234386257,0.0,9.329151560060277,10.66983870762369,-1.7741453390774211,0.3437493444588459,-0.18402702735713714,0.0,493.6246448446742,492.74588398715247,492.67545019568394,493.70774634337624
4.199999999999998,13.26377548415031,15.972747630362496,19.093621037504185,0.9623133598061298,5.6230252891903305,0.0,9.49795884037435,10.816200889874397,-2.1568782924563212,0.328911232300354,-0.20567528447598557,0.0,440.8111232388922,438.9813530650215,440.1595551058207,439.04862462727823
4.259999999999997,13.838587998823934,16.62587739196567,18.952577203600292,0.9817075058455007,5.611356697940359,0.0,9.661773010515299,10.953470839221445,-2.5453201336527607,0.3084257141971881,-0.17833734056626308,0.0,439.0524975280157,441.2780466371836,439.76400423651046,438.17067416927654
4.319999999999996,14.42397545869468,17.287905210321263,18.78870755183233,0.9998490366054105,5.601006988379147,0.0,9.850168335859333,11.112528317050629,-2.917852347306854,0.28611595327921485,-0.16282983185103314,0.0,453.8987728004533,455.11426201387445,455.29624993081114,453.59705257868194
4.379999999999995,15.020238184490129,17.958916709523333,18.602177412494896,1.0166270442251975,5.591218408796163,0.0,10.024354428471556,11.253032915805044,-3.3003691700304607,0.26176637319223095,-0.16377591536209285,0.0,450.16858534617757,450.06698926858434,452.210385597083,450.3206407611542
4.439999999999993,15.626509973785678,18.6377884363659,18.392433476185836,1.0325186746559112,5.5816326691104585,0.0,10.183907537230215,11.374633705145413,-3.691381558172376,0.27041269892756165,-0.15275680692728424,0.0,446.0736522235507,446.94893989456284,445.92274832257544,446.69916029145503
4.499999999999992,16.242495444417404,19.323986602732614,18.159359192280128,1.0486794516186109,5.572633133677947,0.0,10.347992611049385,11.497154472097394,-4.078083645282053,0.26712863272142084,-0.14497434624506236,0.0,451.66517366020145,452.2720116661356,450.84290645341315,450.64944233547124
4.559999999999991,16.864931785311875,20.014018097819733,17.9011854458521,1.0643253700736555,5.563996026999892,0.0,10.39996066569811,11.503609757694964,-4.526914376828548,0.24336999271171667,-0.14198357113875673,0.0,397.87894328402797,398.13087435617757,397.498335987396,395.39022562546603
4.6199999999999894,17.49055380872224,20.704429328782258,17.616277012605686,1.0787684181801476,5.555363038965925,0.0,10.45416529848409,11.509765919717934,-4.969179575949078,0.2348141534209195,-0.14797679216876525,0.0,398.3415949778635,397.77073432390875,398.61814384479385,397.90015103531704
4.679999999999988,18.125052773323695,21.400683029624584,17.30796039561547,1.0925498936562503,5.546189900474937,0.0,10.694001503082275,11.69621648021494,-5.308761021759211,0.21674939413280253,-0.16514501439713558,0.0,487.9860883727002,486.682030571169,488.09137536129896,486.7875792931432
4.739999999999987,18.770113410524598,22.104236243220033,16.977390476022048,1.1056679260690911,5.536461703626827,0.0,10.80745348592661,11.754442338826788,-5.709820230964651,0.22215282591272256,-0.1567190734850625,0.0,435.1490860951412,435.82868392962115,434.17650512963456,434.67835260367184
4.799999999999986,19.42226238690811,22.811443281558304,16.623035440433842,1.1192147517495386,5.526931042741202,0.0,10.930099636440342,11.817874423138603,-6.101677888453282,0.23218421539152254,-0.16346856184486142,0.0,441.92097797551463,441.3397257863435,440.40619420240756,441.2865781026787
4.859999999999984,20.08456848557791,23.52501173337575,16.24659137866419,1.1329625173611264,5.516859838946722,0.0,11.144990297872168,11.965352147035183,-6.4468823175202905,0.22220249043190138,-0.1784891609558142,0.0,485.44726410935135,484.2935280431723,484.9931874952533,484.28977465913954
4.919999999999983,20.75726278511567,24.24493122113407,15.848420896416522,1.1463175638565977,5.5066676064170075,0.0,11.27717919670915,12.030483909900571,-6.825195466660187,0.2233352231154632,-0.15663443324689397,0.0,452.1584059832685,453.8893682972449,454.52827778867265,454.6669913373298
4.979999999999982,21.43752347540277,24.968311942924274,15.427543634293972,1.1596558436660018,5.4973006509686275,0.0,11.397249747481894,12.080882616655297,-7.203650249581814,0.22016371861333822,-0.15509985899563364,0.0,451.664700568504,451.76590884075654,451.0930204270437,450.8848478295087
5.0399999999999805,22.125666028374233,25.69524229536819,14.984386418335646,1.1732596761277616,5.487911895642494,0.0,11.539591081246975,12.148515769884943,-7.568013813561376,0.2373738995939619,-0.15938753387723556,0.0,464.48879082448883,464.13013590662206,462.7385655162986,464.1406185277612
